# BJD, RV (m/s), Dist (a/Rs)
2460328.5000000 -232.5216342 34.1630562
2460328.5040040 -232.5840933 34.1238437
2460328.5080080 -232.6465299 34.0846084
2460328.5120120 -232.7089433 34.0453502
2460328.5160160 -232.7713330 34.0060692
2460328.5200200 -232.8336984 33.9667654
2460328.5240240 -232.8960388 33.9274386
2460328.5280280 -232.9583538 33.8880889
2460328.5320320 -233.0206426 33.8487161
2460328.5360360 -233.0829047 33.8093203
2460328.5400400 -233.1451394 33.7699015
2460328.5440440 -233.2073461 33.7304595
2460328.5480480 -233.2695242 33.6909944
2460328.5520521 -233.3316730 33.6515051
2460328.5560561 -233.3937917 33.6119936
2460328.5600601 -233.4558801 33.5724588
2460328.5640641 -233.5179372 33.5329006
2460328.5680681 -233.5799623 33.4933192
2460328.5720721 -233.6419549 33.4537143
2460328.5760761 -233.7039143 33.4140860
2460328.5800801 -233.7658396 33.3744343
2460328.5840841 -233.8277305 33.3347590
2460328.5880881 -233.8895858 33.2950602
2460328.5920921 -233.9514053 33.2553378
2460328.5960961 -234.0131880 33.2155918
2460328.6001001 -234.0749332 33.1758220
2460328.6041041 -234.1366402 33.1360286
2460328.6081081 -234.1983083 33.0962115
2460328.6121121 -234.2599367 33.0563705
2460328.6161161 -234.3215247 33.0165057
2460328.6201201 -234.3830715 32.9766171
2460328.6241241 -234.4445764 32.9367045
2460328.6281281 -234.5060386 32.8967679
2460328.6321321 -234.5674574 32.8568074
2460328.6361361 -234.6288318 32.8168228
2460328.6401401 -234.6901611 32.7768142
2460328.6441441 -234.7514447 32.7367814
2460328.6481481 -234.8126815 32.6967245
2460328.6521522 -234.8738709 32.6566423
2460328.6561562 -234.9350119 32.6165370
2460328.6601602 -234.9961038 32.5764073
2460328.6641642 -235.0571458 32.5362533
2460328.6681682 -235.1181368 32.4960749
2460328.6721722 -235.1790761 32.4558721
2460328.6761762 -235.2399630 32.4156448
2460328.6801802 -235.3007963 32.3753931
2460328.6841842 -235.3615754 32.3351167
2460328.6881882 -235.4222992 32.2948159
2460328.6921922 -235.4829669 32.2544903
2460328.6961962 -235.5435777 32.2141401
2460328.7002002 -235.6041303 32.1737652
2460328.7042042 -235.6646242 32.1333655
2460328.7082082 -235.7250583 32.0929411
2460328.7122122 -235.7854316 32.0524917
2460328.7162162 -235.8457432 32.0120175
2460328.7202202 -235.9059921 31.9715184
2460328.7242242 -235.9661773 31.9309942
2460328.7282282 -236.0262980 31.8904451
2460328.7322322 -236.0863530 31.8498708
2460328.7362362 -236.1463413 31.8092715
2460328.7402402 -236.2062620 31.7686470
2460328.7442442 -236.2661140 31.7279973
2460328.7482482 -236.3258963 31.6873224
2460328.7522523 -236.3856079 31.6466211
2460328.7562563 -236.4452476 31.6058955
2460328.7602603 -236.5048144 31.5651446
2460328.7642643 -236.5643073 31.5243682
2460328.7682683 -236.6237251 31.4835664
2460328.7722723 -236.6830669 31.4427390
2460328.7762763 -236.7423314 31.4018861
2460328.7802803 -236.8015174 31.3610075
2460328.7842843 -236.8606240 31.3201033
2460328.7882883 -236.9196498 31.2791734
2460328.7922923 -236.9785940 31.2382178
2460328.7962963 -237.0374552 31.1972364
2460328.8003003 -237.0962321 31.1562291
2460328.8043043 -237.1549238 31.1151959
2460328.8083083 -237.2135290 31.0741368
2460328.8123123 -237.2720463 31.0330518
2460328.8163163 -237.3304746 30.9919407
2460328.8203203 -237.3888129 30.9508035
2460328.8243243 -237.4470595 30.9096402
2460328.8283283 -237.5052135 30.8684508
2460328.8323323 -237.5632735 30.8272351
2460328.8363363 -237.6212381 30.7859931
2460328.8403403 -237.6791062 30.7447249
2460328.8443443 -237.7368762 30.7034303
2460328.8483483 -237.7945471 30.6621093
2460328.8523524 -237.8521174 30.6207608
2460328.8563564 -237.9095857 30.5793868
2460328.8603604 -237.9669508 30.5379863
2460328.8643644 -238.0242111 30.4965592
2460328.8683684 -238.0813653 30.4551054
2460328.8723724 -238.1384120 30.4136250
2460328.8763764 -238.1953497 30.3721178
2460328.8803804 -238.2521770 30.3305838
2460328.8843844 -238.3088925 30.2890229
2460328.8883884 -238.3654948 30.2474352
2460328.8923924 -238.4219822 30.2058205
2460328.8963964 -238.4783533 30.1641788
2460328.9004004 -238.5346066 30.1225101
2460328.9044044 -238.5907405 30.0808143
2460328.9084084 -238.6467536 30.0390914
2460328.9124124 -238.7026441 29.9973412
2460328.9164164 -238.7584107 29.9555639
2460328.9204204 -238.8140516 29.9137592
2460328.9244244 -238.8695652 29.8719272
2460328.9284284 -238.9249499 29.8300678
2460328.9324324 -238.9802042 29.7881809
2460328.9364364 -239.0353261 29.7462666
2460328.9404404 -239.0903143 29.7043247
2460328.9444444 -239.1451668 29.6623552
2460328.9484484 -239.1998821 29.6203581
2460328.9524525 -239.2544584 29.5783322
2460328.9564565 -239.3088939 29.5362796
2460328.9604605 -239.3631867 29.4941993
2460328.9644645 -239.4173354 29.4520910
2460328.9684685 -239.4713377 29.4099549
2460328.9724725 -239.5251921 29.3677908
2460328.9764765 -239.5788968 29.3255987
2460328.9804805 -239.6324497 29.2833785
2460328.9844845 -239.6858491 29.2411302
2460328.9884885 -239.7390930 29.1988537
2460328.9924925 -239.7921794 29.1565490
2460328.9964965 -239.8451066 29.1142161
2460329.0005005 -239.8978724 29.0718548
2460329.0045045 -239.9504749 29.0294651
2460329.0085085 -240.0029121 28.9870470
2460329.0125125 -240.0551820 28.9446005
2460329.0165165 -240.1072825 28.9021253
2460329.0205205 -240.1592116 28.8596216
2460329.0245245 -240.2109670 28.8170892
2460329.0285285 -240.2625468 28.7745282
2460329.0325325 -240.3139489 28.7319383
2460329.0365365 -240.3651709 28.6893197
2460329.0405405 -240.4162109 28.6466722
2460329.0445445 -240.4670664 28.6039957
2460329.0485485 -240.5177353 28.5612903
2460329.0525526 -240.5682155 28.5185548
2460329.0565566 -240.6185046 28.4757913
2460329.0605606 -240.6686001 28.4329986
2460329.0645646 -240.7185000 28.3901768
2460329.0685686 -240.7682018 28.3473256
2460329.0725726 -240.8177030 28.3044452
2460329.0765766 -240.8670014 28.2615354
2460329.0805806 -240.9160944 28.2185962
2460329.0845846 -240.9649797 28.1756276
2460329.0885886 -241.0136547 28.1326293
2460329.0925926 -241.0621170 28.0896015
2460329.0965966 -241.1103641 28.0465441
2460329.1006006 -241.1583931 28.0034570
2460329.1046046 -241.2062018 27.9603401
2460329.1086086 -241.2537874 27.9171933
2460329.1126126 -241.3011472 27.8740167
2460329.1166166 -241.3482787 27.8308102
2460329.1206206 -241.3951791 27.7875737
2460329.1246246 -241.4418456 27.7443072
2460329.1286286 -241.4882755 27.7010105
2460329.1326326 -241.5344661 27.6576837
2460329.1366366 -241.5804143 27.6143267
2460329.1406406 -241.6261175 27.5709394
2460329.1446446 -241.6715727 27.5275217
2460329.1486486 -241.7167770 27.4840737
2460329.1526527 -241.7617276 27.4405942
2460329.1566567 -241.8064211 27.3970852
2460329.1606607 -241.8508549 27.3535456
2460329.1646647 -241.8950258 27.3099754
2460329.1686687 -241.9389306 27.2663746
2460329.1726727 -241.9825664 27.2227430
2460329.1766767 -242.0259299 27.1790805
2460329.1806807 -242.0690180 27.1353873
2460329.1846847 -242.1118273 27.0916631
2460329.1886887 -242.1543546 27.0479079
2460329.1926927 -242.1965968 27.0041217
2460329.1966967 -242.2385504 26.9603043
2460329.2007007 -242.2802120 26.9164558
2460329.2047047 -242.3215782 26.8725761
2460329.2087087 -242.3626458 26.8286651
2460329.2127127 -242.4034109 26.7847228
2460329.2167167 -242.4438702 26.7407490
2460329.2207207 -242.4840202 26.6967438
2460329.2247247 -242.5238572 26.6527071
2460329.2287287 -242.5633775 26.6086388
2460329.2327327 -242.6025775 26.5645388
2460329.2367367 -242.6414534 26.5204071
2460329.2407407 -242.6800015 26.4762436
2460329.2447447 -242.7182180 26.4320484
2460329.2487487 -242.7560990 26.3878212
2460329.2527528 -242.7936406 26.3435609
2460329.2567568 -242.8308387 26.2992698
2460329.2607608 -242.8676896 26.2549465
2460329.2647648 -242.9041890 26.2105912
2460329.2687688 -242.9403330 26.1662036
2460329.2727728 -242.9761175 26.1217837
2460329.2767768 -243.0115382 26.0773315
2460329.2807808 -243.0465907 26.0328470
2460329.2847848 -243.0812711 25.9883299
2460329.2887888 -243.1155748 25.9437804
2460329.2927928 -243.1494976 25.8991982
2460329.2967968 -243.1830350 25.8545835
2460329.3008008 -243.2161825 25.8099360
2460329.3048048 -243.2489355 25.7652557
2460329.3088088 -243.2812897 25.7205426
2460329.3128128 -243.3132400 25.6757966
2460329.3168168 -243.3447822 25.6310177
2460329.3208208 -243.3759113 25.5862057
2460329.3248248 -243.4066224 25.5413606
2460329.3288288 -243.4369110 25.4964824
2460329.3328328 -243.4667719 25.4515709
2460329.3368368 -243.4962002 25.4066262
2460329.3408408 -243.5251907 25.3616481
2460329.3448448 -243.5537387 25.3166366
2460329.3488488 -243.5818387 25.2715917
2460329.3528529 -243.6094857 25.2265120
2460329.3568569 -243.6366743 25.1813999
2460329.3608609 -243.6633993 25.1362541
2460329.3648649 -243.6896553 25.0910746
2460329.3688689 -243.7154365 25.0458612
2460329.3728729 -243.7407378 25.0006140
2460329.3768769 -243.7655534 24.9553329
2460329.3808809 -243.7898776 24.9100178
2460329.3848849 -243.8137049 24.8646686
2460329.3888889 -243.8370294 24.8192853
2460329.3928929 -243.8598450 24.7738677
2460329.3968969 -243.8821460 24.7284159
2460329.4009009 -243.9039263 24.6829298
2460329.4049049 -243.9251799 24.6374093
2460329.4089089 -243.9459007 24.5918544
2460329.4129129 -243.9660822 24.5462649
2460329.4169169 -243.9857184 24.5006408
2460329.4209209 -244.0048028 24.4549821
2460329.4249249 -244.0233288 24.4092886
2460329.4289289 -244.0412900 24.3635604
2460329.4329329 -244.0586799 24.3177973
2460329.4369369 -244.0754915 24.2719992
2460329.4409409 -244.0917183 24.2261662
2460329.4449449 -244.1073533 24.1802981
2460329.4489489 -244.1223896 24.1343949
2460329.4529530 -244.1368200 24.0884554
2460329.4569570 -244.1506376 24.0424817
2460329.4609610 -244.1638350 23.9964727
2460329.4649650 -244.1764052 23.9504284
2460329.4689690 -244.1883404 23.9043486
2460329.4729730 -244.1996334 23.8582332
2460329.4769770 -244.2102766 23.8120823
2460329.4809810 -244.2202621 23.7658957
2460329.4849850 -244.2295824 23.7196733
2460329.4889890 -244.2382296 23.6734152
2460329.4929930 -244.2461955 23.6271212
2460329.4969970 -244.2534723 23.5807913
2460329.5010010 -244.2600518 23.5344254
2460329.5050050 -244.2659256 23.4880235
2460329.5090090 -244.2710855 23.4415854
2460329.5130130 -244.2755228 23.3951111
2460329.5170170 -244.2792290 23.3486005
2460329.5210210 -244.2821955 23.3020536
2460329.5250250 -244.2844134 23.2554703
2460329.5290290 -244.2858739 23.2088506
2460329.5330330 -244.2865679 23.1621943
2460329.5370370 -244.2864860 23.1155014
2460329.5410410 -244.2856193 23.0687719
2460329.5450450 -244.2839582 23.0220056
2460329.5490490 -244.2814933 22.9752025
2460329.5530531 -244.2782150 22.9283614
2460329.5570571 -244.2741133 22.8814845
2460329.5610611 -244.2691787 22.8345707
2460329.5650651 -244.2634009 22.7876197
2460329.5690691 -244.2567697 22.7406316
2460329.5730731 -244.2492752 22.6936063
2460329.5770771 -244.2409067 22.6465438
2460329.5810811 -244.2316536 22.5994439
2460329.5850851 -244.2215054 22.5523066
2460329.5890891 -244.2104514 22.5051318
2460329.5930931 -244.1984802 22.4579196
2460329.5970971 -244.1855811 22.4106697
2460329.6011011 -244.1717426 22.3633821
2460329.6051051 -244.1569535 22.3160568
2460329.6091091 -244.1412020 22.2686937
2460329.6131131 -244.1244766 22.2212928
2460329.6171171 -244.1067653 22.1738539
2460329.6211211 -244.0880563 22.1263770
2460329.6251251 -244.0683371 22.0788621
2460329.6291291 -244.0475956 22.0313091
2460329.6331331 -244.0258192 21.9837178
2460329.6371371 -244.0029951 21.9360883
2460329.6411411 -243.9791107 21.8884205
2460329.6451451 -243.9541528 21.8407143
2460329.6491491 -243.9281082 21.7929697
2460329.6531532 -243.9009637 21.7451853
2460329.6571572 -243.8727054 21.6973636
2460329.6611612 -243.8433198 21.6495032
2460329.6651652 -243.8127929 21.6016041
2460329.6691692 -243.7811106 21.5536663
2460329.6731732 -243.7482587 21.5056896
2460329.6771772 -243.7142224 21.4576741
2460329.6811812 -243.6789872 21.4096196
2460329.6851852 -243.6425382 21.3615261
2460329.6891892 -243.6048601 21.3133935
2460329.6931932 -243.5659377 21.2652218
2460329.6971972 -243.5257554 21.2170108
2460329.7012012 -243.4842975 21.1687607
2460329.7052052 -243.4415479 21.1204712
2460329.7092092 -243.3974906 21.0721423
2460329.7132132 -243.3521089 21.0237740
2460329.7172172 -243.3053864 20.9753662
2460329.7212212 -243.2573061 20.9269188
2460329.7252252 -243.2078507 20.8784318
2460329.7292292 -243.1570031 20.8299052
2460329.7332332 -243.1047456 20.7813388
2460329.7372372 -243.0510602 20.7327326
2460329.7412412 -242.9959290 20.6840866
2460329.7452452 -242.9393335 20.6354007
2460329.7492492 -242.8812548 20.5866748
2460329.7532533 -242.8216745 20.5379077
2460329.7572573 -242.7605730 20.4891018
2460329.7612613 -242.6979311 20.4402557
2460329.7652653 -242.6337288 20.3913695
2460329.7692693 -242.5679464 20.3424430
2460329.7732733 -242.5005634 20.2934763
2460329.7772773 -242.4315592 20.2444692
2460329.7812813 -242.3609129 20.1954217
2460329.7852853 -242.2886033 20.1463339
2460329.7892893 -242.2146091 20.0972055
2460329.7932933 -242.1389081 20.0480366
2460329.7972973 -242.0614783 19.9988271
2460329.8013013 -241.9822974 19.9495770
2460329.8053053 -241.9013423 19.9002863
2460329.8093093 -241.8185901 19.8509548
2460329.8133133 -241.7340171 19.8015825
2460329.8173173 -241.6475998 19.7521694
2460329.8213213 -241.5593137 19.7027155
2460329.8253253 -241.4691343 19.6532207
2460329.8293293 -241.3770368 19.6036849
2460329.8333333 -241.2829959 19.5541082
2460329.8373373 -241.1869858 19.5044904
2460329.8413413 -241.0889807 19.4548316
2460329.8453453 -240.9889540 19.4051317
2460329.8493493 -240.8868789 19.3553906
2460329.8533534 -240.7827282 19.3056071
2460329.8573574 -240.6764741 19.2557837
2460329.8613614 -240.5680886 19.2059190
2460329.8653654 -240.4575433 19.1560130
2460329.8693694 -240.3448091 19.1060658
2460329.8733734 -240.2298567 19.0560772
2460329.8773774 -240.1126564 19.0060472
2460329.8813814 -239.9931777 18.9559758
2460329.8853854 -239.8713900 18.9058630
2460329.8893894 -239.7472620 18.8557088
2460329.8933934 -239.6207619 18.8055131
2460329.8973974 -239.4918577 18.7552758
2460329.9014014 -239.3605165 18.7049971
2460329.9054054 -239.2267052 18.6546768
2460329.9094094 -239.0903902 18.6043150
2460329.9134134 -238.9515370 18.5539116
2460329.9174174 -238.8101108 18.5034666
2460329.9214214 -238.6660765 18.4529800
2460329.9254254 -238.5193979 18.4024517
2460329.9294294 -238.3700387 18.3518819
2460329.9334334 -238.2179619 18.3012704
2460329.9374374 -238.0631297 18.2506172
2460329.9414414 -237.9055041 18.1999224
2460329.9454454 -237.7450461 18.1491860
2460329.9494494 -237.5817163 18.0984079
2460329.9534535 -237.4154744 18.0475868
2460329.9574575 -237.2462799 17.9967254
2460329.9614615 -237.0740913 17.9458223
2460329.9654655 -236.8988667 17.8948776
2460329.9694695 -236.7205631 17.8438912
2460329.9734735 -236.5391372 17.7928632
2460329.9774775 -236.3545448 17.7417936
2460329.9814815 -236.1667410 17.6906824
2460329.9854855 -235.9756803 17.6395296
2460329.9894895 -235.7813164 17.5883352
2460329.9934935 -235.5836020 17.5370993
2460329.9974975 -235.3824893 17.4858219
2460330.0015015 -235.1779298 17.4345030
2460330.0055055 -234.9698737 17.3831426
2460330.0095095 -234.7582710 17.3317408
2460330.0135135 -234.5430703 17.2802976
2460330.0175175 -234.3242197 17.2288131
2460330.0215215 -234.1016665 17.1772872
2460330.0255255 -233.8753567 17.1257201
2460330.0295295 -233.6452359 17.0741118
2460330.0335335 -233.4112485 17.0224622
2460330.0375375 -233.1733377 16.9707716
2460330.0415415 -232.9314464 16.9190399
2460330.0455455 -232.6855160 16.8672673
2460330.0495495 -232.4354871 16.8154536
2460330.0535536 -232.1812993 16.7635979
2460330.0575576 -231.9228910 16.7117026
2460330.0615616 -231.6601999 16.6597666
2460330.0655656 -231.3931622 16.6077900
2460330.0695696 -231.1217132 16.5557728
2460330.0735736 -230.8457872 16.5037151
2460330.0775776 -230.5653173 16.4516171
2460330.0815816 -230.2802353 16.3994788
2460330.0855856 -229.9904719 16.3473002
2460330.0895896 -229.6959567 16.2950817
2460330.0935936 -229.3966179 16.2428231
2460330.0975976 -229.0923825 16.1905247
2460330.1016016 -228.7831762 16.1381865
2460330.1056056 -228.4689235 16.0858088
2460330.1096096 -228.1495475 16.0333915
2460330.1136136 -227.8249700 15.9809349
2460330.1176176 -227.4951111 15.9284391
2460330.1216216 -227.1598901 15.8759042
2460330.1256256 -226.8192242 15.8233304
2460330.1296296 -226.4730294 15.7707178
2460330.1336336 -226.1212205 15.7180666
2460330.1376376 -225.7637102 15.6653769
2460330.1416416 -225.4004100 15.6126490
2460330.1456456 -225.0312299 15.5598831
2460330.1496496 -224.6560777 15.5070792
2460330.1536537 -224.2748603 15.4542363
2460330.1576577 -223.8874824 15.4013572
2460330.1616617 -223.4938470 15.3484408
2460330.1656657 -223.0938557 15.2954873
2460330.1696697 -222.6874077 15.2424970
2460330.1736737 -222.2744008 15.1894700
2460330.1776777 -221.8547309 15.1364066
2460330.1816817 -221.4282917 15.0833071
2460330.1856857 -220.9949754 15.0301716
2460330.1896897 -220.5546716 14.9770005
2460330.1936937 -220.1072685 14.9237941
2460330.1976977 -219.6526517 14.8705525
2460330.2017017 -219.1907050 14.8172761
2460330.2057057 -218.7213098 14.7639652
2460330.2097097 -218.2443454 14.7106201
2460330.2137137 -217.7596888 14.6572411
2460330.2177177 -217.2672147 14.6038285
2460330.2217217 -216.7667956 14.5503826
2460330.2257257 -216.2583013 14.4969039
2460330.2297297 -215.7415993 14.4433926
2460330.2337337 -215.2165546 14.3898492
2460330.2377377 -214.6830295 14.3362739
2460330.2417417 -214.1408838 14.2826673
2460330.2457457 -213.5899747 14.2290296
2460330.2497497 -213.0301564 14.1753613
2460330.2537538 -212.4612806 14.1216615
2460330.2577578 -211.8831960 14.0679334
2460330.2617618 -211.2957484 14.0141759
2460330.2657658 -210.6987806 13.9603896
2460330.2697698 -210.0921323 13.9065750
2460330.2737738 -209.4756404 13.8527325
2460330.2777778 -208.8491383 13.7988626
2460330.2817818 -208.2124563 13.7449659
2460330.2857858 -207.5654214 13.6910430
2460330.2897898 -206.9078572 13.6370943
2460330.2937938 -206.2395839 13.5831204
2460330.2977978 -205.5604180 13.5291219
2460330.3018018 -204.8701726 13.4750994
2460330.3058058 -204.1686570 13.4210535
2460330.3098098 -203.4556769 13.3669849
2460330.3138138 -202.7310341 13.3128942
2460330.3178178 -201.9945264 13.2587821
2460330.3218218 -201.2459477 13.2046492
2460330.3258258 -200.4850877 13.1504963
2460330.3298298 -199.7117320 13.0963241
2460330.3338338 -198.9256619 13.0421334
2460330.3378378 -198.1266545 12.9879249
2460330.3418418 -197.3144821 12.9336994
2460330.3458458 -196.4889130 12.8794577
2460330.3498498 -195.6497104 12.8252007
2460330.3538539 -194.7966331 12.7709279
2460330.3578579 -193.9294346 12.7166428
2460330.3618619 -193.0478638 12.6623450
2460330.3658659 -192.1516647 12.6080355
2460330.3698699 -191.2405759 12.5537153
2460330.3738739 -190.3143305 12.4993852
2460330.3778779 -189.3726570 12.4450463
2460330.3818819 -188.4152777 12.3906997
2460330.3858859 -187.4419096 12.3363464
2460330.3898899 -186.4522640 12.2819875
2460330.3938939 -185.4460461 12.2276242
2460330.3978979 -184.4229557 12.1732576
2460330.4019019 -183.3826860 12.1188889
2460330.4059059 -182.3249240 12.0645193
2460330.4099099 -181.2493510 12.0101502
2460330.4139139 -180.1556413 11.9557827
2460330.4179179 -179.0434625 11.9014182
2460330.4219219 -177.9124761 11.8470581
2460330.4259259 -176.7623360 11.7927038
2460330.4299299 -175.5926898 11.7383567
2460330.4339339 -174.4031776 11.6840183
2460330.4379379 -173.1934319 11.6296901
2460330.4419419 -171.9630789 11.5753738
2460330.4459459 -170.7117362 11.5210708
2460330.4499499 -169.4390139 11.4667828
2460330.4539540 -168.1445148 11.4125102
2460330.4579580 -166.8278331 11.3582574
2460330.4619620 -165.4885552 11.3040249
2460330.4659660 -164.1262591 11.2498145
2460330.4699700 -162.7405143 11.1956280
2460330.4739740 -161.3308820 11.1414675
2460330.4779780 -159.8969145 11.0873348
2460330.4819820 -158.4381550 11.0332321
2460330.4859860 -156.9541381 10.9791613
2460330.4899900 -155.4443888 10.9251248
2460330.4939940 -153.9084230 10.8711247
2460330.4979980 -152.3457469 10.8171632
2460330.5020020 -150.7558571 10.7632427
2460330.5060060 -149.1382408 10.7093656
2460330.5100100 -147.4923748 10.6555343
2460330.5140140 -145.8177260 10.6017514
2460330.5180180 -144.1137509 10.5480195
2460330.5220220 -142.3798959 10.4943412
2460330.5260260 -140.6155965 10.4407192
2460330.5300300 -138.8202780 10.3871564
2460330.5340340 -136.9933543 10.3336557
2460330.5380380 -135.1342293 10.2802199
2460330.5420420 -133.2422952 10.2268522
2460330.5460460 -131.3169332 10.1735556
2460330.5500501 -129.3575133 10.1203321
2460330.5540541 -127.3633940 10.0671876
2460330.5580581 -125.3339226 10.0141241
2460330.5620621 -123.2684345 9.9611450
2460330.5660661 -121.1662539 9.9082540
2460330.5700701 -119.0266933 9.8554547
2460330.5740741 -116.8490532 9.8027508
2460330.5780781 -114.6326227 9.7501462
2460330.5820821 -112.3766786 9.6976448
2460330.5860861 -110.0804864 9.6452507
2460330.5900901 -107.7432996 9.5929681
2460330.5940941 -105.3643599 9.5408011
2460330.5980981 -102.9428972 9.4887541
2460330.6021021 -100.4781304 9.4368317
2460330.6061061 -97.9692659 9.3850385
2460330.6101101 -95.4154994 9.3333792
2460330.6141141 -92.8160147 9.2818585
2460330.6181181 -90.1699849 9.2304815
2460330.6221221 -87.4765719 9.1792534
2460330.6261261 -84.7349268 9.1281792
2460330.6301301 -81.9441903 9.0772643
2460330.6341341 -79.1034935 9.0265144
2460330.6381381 -76.2119569 8.9759349
2460330.6421421 -73.2686918 8.9255316
2460330.6461461 -70.2728006 8.8753105
2460330.6501502 -67.2233770 8.8252763
2460330.6541542 -64.1195068 8.7754379
2460330.6581582 -60.9602681 8.7258002
2460330.6621622 -57.7447321 8.6763698
2460330.6661662 -54.4719647 8.6271533
2460330.6701702 -51.1410255 8.5781576
2460330.6741742 -47.7509698 8.5293898
2460330.6781782 -44.3008491 8.4808568
2460330.6821822 -40.7897123 8.4325661
2460330.6861862 -37.2166066 8.3845252
2460330.6901902 -33.5805785 8.3367417
2460330.6941942 -29.8806747 8.2892234
2460330.6981982 -26.1159451 8.2419783
2460330.7022022 -22.2854417 8.1950147
2460330.7062062 -18.3882215 8.1483410
2460330.7102102 -14.4233479 8.1019656
2460330.7142142 -10.3898923 8.0558973
2460330.7182182 -6.2869357 8.0101450
2460330.7222222 -2.1135711 7.9647178
2460330.7262262 2.1310956 7.9196250
2460330.7302302 6.4479411 7.8748761
2460330.7342342 10.8378256 7.8304807
2460330.7382382 15.3015881 7.7864486
2460330.7422422 19.8400451 7.7427900
2460330.7462462 24.4539872 7.6995149
2460330.7502503 29.1441768 7.6566328
2460330.7542543 33.9113451 7.6141563
2460330.7582583 38.7561897 7.5720952
2460330.7622623 43.6793689 7.5304603
2460330.7662663 48.6815021 7.4892628
2460330.7702703 53.7631640 7.4485140
2460330.7742743 58.9248816 7.4082252
2460330.7782783 64.1671304 7.3684082
2460330.7822823 69.4903308 7.3290747
2460330.7862863 74.8948440 7.2902367
2460330.7902903 80.3809685 7.2519061
2460330.7942943 85.9489335 7.2140952
2460330.7982983 91.5988987 7.1768164
2460330.8023023 97.3309467 7.1400821
2460330.8063063 103.1450798 7.1039049
2460330.8103103 109.0412153 7.0682976
2460330.8143143 115.0191810 7.0332728
2460330.8183183 121.0787102 6.9988436
2460330.8223223 127.2194383 6.9650228
2460330.8263263 133.4408949 6.9318234
2460330.8303303 139.7425038 6.8992585
2460330.8343343 146.1235753 6.8673413
2460330.8383383 152.5833022 6.8360848
2460330.8423423 159.1207562 6.8055021
2460330.8463463 165.7348827 6.7756063
2460330.8503504 172.4244967 6.7464099
2460330.8543544 179.1882803 6.7179272
2460330.8583584 186.0247753 6.6901706
2460330.8623624 192.9323841 6.6631529
2460330.8663664 199.9093639 6.6368868
2460330.8703704 206.9538244 6.6113850
2460330.8743744 214.0637250 6.5866601
2460330.8783784 221.2368727 6.5627243
2460330.8823824 228.4709205 6.5395897
2460330.8863864 235.7633669 6.5172684
2460330.8903904 243.1115518 6.4957719
2460330.8943944 250.5126610 6.4751118
2460330.8983984 257.9637238 6.4552992
2460330.9024024 265.4616144 6.4363449
2460330.9064064 273.0030529 6.4182594
2460330.9104104 280.5846091 6.4010530
2460330.9144144 288.2027038 6.3847354
2460330.9184184 295.8536143 6.3693161
2460330.9224224 303.5334750 6.3548039
2460330.9264264 311.2382875 6.3412075
2460330.9304304 318.9639237 6.3285350
2460330.9344344 326.7061323 6.3167939
2460330.9384384 334.4605466 6.3059914
2460330.9424424 342.2226928 6.2961341
2460330.9464464 349.9879982 6.2872280
2460330.9504505 357.7518019 6.2792785
2460330.9544545 365.5093614 6.2722909
2460330.9584585 373.2558680 6.2662694
2460330.9624625 380.9864554 6.2612178
2460330.9664665 388.6962116 6.2571393
2460330.9704705 396.3801917 6.2540365
2460330.9744745 404.0334300 6.2519113
2460330.9784785 411.6509538 6.2507651
2460330.9824825 419.2277962 6.2505986
2460330.9864865 426.7590073 6.2514119
2460330.9904905 434.2396724 6.2532046
2460330.9944945 441.6649218 6.2559754
2460330.9984985 449.0299456 6.2597227
2460331.0025025 456.3300069 6.2644439
2460331.0065065 463.5604544 6.2701362
2460331.0105105 470.7167365 6.2767960
2460331.0145145 477.7944128 6.2844190
2460331.0185185 484.7891641 6.2930006
2460331.0225225 491.6968080 6.3025353
2460331.0265265 498.5133069 6.3130173
2460331.0305305 505.2347784 6.3244402
2460331.0345345 511.8575052 6.3367970
2460331.0385385 518.3779433 6.3500803
2460331.0425425 524.7927301 6.3642822
2460331.0465465 531.0986919 6.3793943
2460331.0505506 537.2928470 6.3954081
2460331.0545546 543.3724154 6.4123136
2460331.0585586 549.3348198 6.4301014
2460331.0625626 555.1776898 6.4487617
2460331.0665666 560.8988644 6.4682838
2460331.0705706 566.4963932 6.4886572
2460331.0745746 571.9685369 6.5098707
2460331.0785786 577.3137680 6.5319131
2460331.0825826 582.5307667 6.5547726
2460331.0865866 587.6184233 6.5784375
2460331.0905906 592.5758321 6.6028957
2460331.0945946 597.4022893 6.6281349
2460331.0985986 602.0972887 6.6541427
2460331.1026026 606.6605168 6.6809064
2460331.1066066 611.0918475 6.7084134
2460331.1106106 615.3913371 6.7366508
2460331.1146146 619.5592156 6.7656057
2460331.1186186 623.5958832 6.7952650
2460331.1226226 627.5019014 6.8256157
2460331.1266266 631.2779860 6.8566447
2460331.1306306 634.9249996 6.8883389
2460331.1346346 638.4439438 6.9206852
2460331.1386386 641.8359515 6.9536704
2460331.1426426 645.1022791 6.9872815
2460331.1466466 648.2442973 7.0215054
2460331.1506507 651.2634850 7.0563301
2460331.1546547 654.1614202 7.0917409
2460331.1586587 656.9397723 7.1277259
2460331.1626627 659.6002945 7.1642723
2460331.1666667 662.1448159 7.2013675
2460331.1706707 664.5752346 7.2389990
2460331.1746747 666.8935100 7.2771543
2460331.1786787 669.1016555 7.3158213
2460331.1826827 671.2017329 7.3549878
2460331.1866867 673.1958446 7.3946419
2460331.1906907 675.0861282 7.4347716
2460331.1946947 676.8747499 7.4753654
2460331.1986987 678.5638991 7.5164117
2460331.2027027 680.1557830 7.5578992
2460331.2067067 681.6526214 7.5998167
2460331.2107107 683.0566414 7.6421533
2460331.2147147 684.3700737 7.6848980
2460331.2187187 685.5951476 7.7280404
2460331.2227227 686.7340872 7.7715698
2460331.2267267 687.7891080 7.8154761
2460331.2307307 688.7624128 7.8597492
2460331.2347347 689.6561891 7.9043791
2460331.2387387 690.4726057 7.9493561
2460331.2427427 691.2138104 7.9946707
2460331.2467467 691.8819271 8.0403135
2460331.2507508 692.4790542 8.0862766
2460331.2547548 693.0072619 8.1325486
2460331.2587588 693.4685908 8.1791220
2460331.2627628 693.8650503 8.2259880
2460331.2667668 694.1986170 8.2731384
2460331.2707708 694.4712334 8.3205647
2460331.2747748 694.6848074 8.3682590
2460331.2787788 694.8412105 8.4162133
2460331.2827828 694.9422778 8.4644200
2460331.2867868 694.9898069 8.5128715
2460331.2907908 694.9855578 8.5615603
2460331.2947948 694.9312521 8.6104794
2460331.2987988 694.8285731 8.6596216
2460331.3028028 694.6791653 8.7089800
2460331.3068068 694.4846348 8.7585480
2460331.3108108 694.2465487 8.8083190
2460331.3148148 693.9664359 8.8582865
2460331.3188188 693.6457866 8.9084444
2460331.3228228 693.2860533 8.9587864
2460331.3268268 692.8886502 9.0093067
2460331.3308308 692.4549545 9.0599994
2460331.3348348 691.9863060 9.1108588
2460331.3388388 691.4840083 9.1618795
2460331.3428428 690.9493285 9.2130559
2460331.3468468 690.3834985 9.2643829
2460331.3508509 689.7877149 9.3158565
2460331.3548549 689.1631403 9.3674693
2460331.3588589 688.5109030 9.4192176
2460331.3628629 687.8320986 9.4710966
2460331.3668669 687.1277898 9.5231017
2460331.3708709 686.3990078 9.5752284
2460331.3748749 685.6467524 9.6274723
2460331.3788789 684.8719928 9.6798290
2460331.3828829 684.0756687 9.7322944
2460331.3868869 683.2586902 9.7848644
2460331.3908909 682.4219394 9.8375349
2460331.3948949 681.5662703 9.8903022
2460331.3988989 680.6925098 9.9431625
2460331.4029029 679.8014588 9.9961120
2460331.4069069 678.8938920 10.0491472
2460331.4109109 677.9705592 10.1022646
2460331.4149149 677.0321860 10.1554608
2460331.4189189 676.0794740 10.2087325
2460331.4229229 675.1131018 10.2620764
2460331.4269269 674.1337255 10.3154893
2460331.4309309 673.1419794 10.3689683
2460331.4349349 672.1384769 10.4225104
2460331.4389389 671.1238103 10.4761125
2460331.4429429 670.0985523 10.5297720
2460331.4469469 669.0632559 10.5834860
2460331.4509510 668.0184554 10.6372533
2460331.4549550 666.9646669 10.6910684
2460331.4589590 665.9023885 10.7449302
2460331.4629630 664.8321013 10.7988362
2460331.4669670 663.7542699 10.8527840
2460331.4709710 662.6693424 10.9067713
2460331.4749750 661.5777515 10.9607957
2460331.4789790 660.4799144 11.0148550
2460331.4829830 659.3762339 11.0689471
2460331.4869870 658.2670985 11.1230699
2460331.4909910 657.1528829 11.1772212
2460331.4949950 656.0339481 11.2313991
2460331.4989990 654.9106429 11.2856016
2460331.5030030 653.7833031 11.3398268
2460331.5070070 652.6522524 11.3940729
2460331.5110110 651.5178027 11.4483380
2460331.5150150 650.3802550 11.5026205
2460331.5190190 649.2398988 11.5569186
2460331.5230230 648.0970133 11.6112306
2460331.5270270 646.9518672 11.6655549
2460331.5310310 645.8047197 11.7198900
2460331.5350350 644.6558200 11.7742343
2460331.5390390 643.5054082 11.8285863
2460331.5430430 642.3537153 11.8829446
2460331.5470470 641.2009636 11.9373078
2460331.5510511 640.0473673 11.9916757
2460331.5550551 638.8931321 12.0460445
2460331.5590591 637.7384560 12.1004141
2460331.5630631 636.5835298 12.1547832
2460331.5670671 635.4285363 12.2091506
2460331.5710711 634.2736518 12.2635152
2460331.5750751 633.1190455 12.3178757
2460331.5790791 631.9648799 12.3722310
2460331.5830831 630.8113113 12.4265800
2460331.5870871 629.6584899 12.4809217
2460331.5910911 628.5065596 12.5352549
2460331.5950951 627.3556590 12.5895786
2460331.5990991 626.2059209 12.6438918
2460331.6031031 625.0574727 12.6981937
2460331.6071071 623.9104366 12.7524832
2460331.6111111 622.7649300 12.8067594
2460331.6151151 621.6210652 12.8610214
2460331.6191191 620.4789501 12.9152684
2460331.6231231 619.3386876 12.9694995
2460331.6271271 618.2003770 13.0237138
2460331.6311311 617.0641129 13.0779107
2460331.6351351 615.9299858 13.1320893
2460331.6391391 614.7980825 13.1862488
2460331.6431431 613.6684859 13.2403886
2460331.6471471 612.5412752 13.2945078
2460331.6511512 611.4165263 13.3486072
2460331.6551552 610.2943114 13.4026834
2460331.6591592 609.1746998 13.4567371
2460331.6631632 608.0577571 13.5107676
2460331.6671672 606.9435464 13.5647743
2460331.6711712 605.8321275 13.6187566
2460331.6751752 604.7235573 13.6727140
2460331.6791792 603.6178902 13.7266458
2460331.6831832 602.5151779 13.7805514
2460331.6871872 601.4154692 13.8344304
2460331.6911912 600.3188110 13.8882823
2460331.6951952 599.2252475 13.9421065
2460331.6991992 598.1348204 13.9959024
2460331.7032032 597.0475697 14.0496697
2460331.7072072 595.9635327 14.1034079
2460331.7112112 594.8827451 14.1571165
2460331.7152152 593.8052403 14.2107951
2460331.7192192 592.7310497 14.2644432
2460331.7232232 591.6602035 14.3180605
2460331.7272272 590.5927294 14.3716464
2460331.7312312 589.5286537 14.4252007
2460331.7352352 588.4680009 14.4787230
2460331.7392392 587.4107940 14.5322128
2460331.7432432 586.3570545 14.5856699
2460331.7472472 585.3068023 14.6390938
2460331.7512513 584.2600559 14.6924856
2460331.7552553 583.2168326 14.7458423
2460331.7592593 582.1771481 14.7991648
2460331.7632633 581.1410169 14.8524530
2460331.7672673 580.1084524 14.9057064
2460331.7712713 579.0794666 14.9589248
2460331.7752753 578.0540705 15.0121080
2460331.7792793 577.0322741 15.0652556
2460331.7832833 576.0140859 15.1183673
2460331.7872873 574.9995139 15.1714430
2460331.7912913 573.9885649 15.2244824
2460331.7952953 572.9812447 15.2774852
2460331.7992993 571.9775582 15.3304513
2460331.8033033 570.9775096 15.3833803
2460331.8073073 569.9811019 15.4362721
2460331.8113113 568.9883376 15.4891264
2460331.8153153 567.9992181 15.5419431
2460331.8193193 567.0137447 15.5947220
2460331.8233233 566.0319173 15.6474629
2460331.8273273 565.0537354 15.7001655
2460331.8313313 564.0791978 15.7528298
2460331.8353353 563.1083025 15.8054555
2460331.8393393 562.1410471 15.8580425
2460331.8433433 561.1774286 15.9105907
2460331.8473473 560.2174432 15.9630998
2460331.8513514 559.2610870 16.0155711
2460331.8553554 558.3083550 16.0680017
2460331.8593594 557.3592422 16.1203929
2460331.8633634 556.4137428 16.1727446
2460331.8673674 555.4718507 16.2250565
2460331.8713714 554.5335593 16.2773286
2460331.8753754 553.5988616 16.3295608
2460331.8793794 552.6677499 16.3817529
2460331.8833834 551.7402168 16.4339049
2460331.8873874 550.8162540 16.4860166
2460331.8913914 549.8958529 16.5380880
2460331.8953954 548.9790045 16.5901190
2460331.8993994 548.0656997 16.6421094
2460331.9034034 547.1559291 16.6940592
2460331.9074074 546.2496826 16.7459683
2460331.9114114 545.3469502 16.7978367
2460331.9154154 544.4477217 16.8496642
2460331.9194194 543.5519863 16.9014508
2460331.9234234 542.6597332 16.9531964
2460331.9274274 541.7709512 17.0049010
2460331.9314314 540.8856289 17.0565645
2460331.9354354 540.0037550 17.1081868
2460331.9394394 539.1253175 17.1597680
2460331.9434434 538.2503044 17.2113078
2460331.9474474 537.3787039 17.2628064
2460331.9514515 536.5105035 17.3142650
2460331.9554555 535.6456907 17.3656808
2460331.9594595 534.7842529 17.4170553
2460331.9634635 533.9261775 17.4683883
2460331.9674675 533.0714514 17.5196798
2460331.9714715 532.2200616 17.5709298
2460331.9754755 531.3719949 17.6221383
2460331.9794795 530.5272383 17.6733052
2460331.9834835 529.6857782 17.7244306
2460331.9874875 528.8476011 17.7755143
2460331.9914915 528.0126936 17.8265565
2460331.9954955 527.1810420 17.8775570
2460331.9994995 526.3526324 17.9285159
2460332.0035035 525.5274512 17.9794331
2460332.0075075 524.7054843 18.0303087
2460332.0115115 523.8867180 18.0811426
2460332.0155155 523.0711382 18.1319349
2460332.0195195 522.2587308 18.1826855
2460332.0235235 521.4494818 18.2333945
2460332.0275275 520.6433770 18.2840618
2460332.0315315 519.8404021 18.3346874
2460332.0355355 519.0405430 18.3852714
2460332.0395395 518.2437854 18.4358138
2460332.0435435 517.4501152 18.4863145
2460332.0475475 516.6595179 18.5367737
2460332.0515516 515.8719792 18.5871925
2460332.0555556 515.0874849 18.6375685
2460332.0595596 514.3060206 18.6879029
2460332.0635636 513.5275719 18.7381957
2460332.0675676 512.7521244 18.7884470
2460332.0715716 511.9796639 18.8386569
2460332.0755756 511.2101760 18.8888252
2460332.0795796 510.4436463 18.9389521
2460332.0835836 509.6800605 18.9890375
2460332.0875876 508.9194044 19.0390815
2460332.0915916 508.1616634 19.0890842
2460332.0955956 507.4068235 19.1390455
2460332.0995996 506.6548702 19.1889655
2460332.1036036 505.9057892 19.2388442
2460332.1076076 505.1595666 19.2886817
2460332.1116116 504.4161879 19.3384779
2460332.1156156 503.6756390 19.3882329
2460332.1196196 502.9379058 19.4379468
2460332.1236236 502.2029740 19.4876196
2460332.1276276 501.4708297 19.5372513
2460332.1316316 500.7414587 19.5868420
2460332.1356356 500.0148470 19.6363917
2460332.1396396 499.2909807 19.6859004
2460332.1436436 498.5698458 19.7353683
2460332.1476476 497.8514284 19.7847952
2460332.1516517 497.1357146 19.8341826
2460332.1556557 496.4226907 19.8835279
2460332.1596597 495.7123427 19.9328325
2460332.1636637 495.0046571 19.9820964
2460332.1676677 494.2996200 20.0313197
2460332.1716717 493.5972179 20.0805024
2460332.1756757 492.8974373 20.1296445
2460332.1796797 492.2002644 20.1787461
2460332.1836837 491.5056860 20.2278073
2460332.1876877 490.8136884 20.2768281
2460332.1916917 490.1242584 20.3258085
2460332.1956957 489.4373825 20.3747487
2460332.1996997 488.7530475 20.4236486
2460332.2037037 488.0712403 20.4725083
2460332.2077077 487.3919476 20.5213279
2460332.2117117 486.7151563 20.5701074
2460332.2157157 486.0408534 20.6188468
2460332.2197197 485.3690258 20.6675463
2460332.2237237 484.6996607 20.7162059
2460332.2277277 484.0327451 20.7648256
2460332.2317317 483.3682661 20.8134055
2460332.2357357 482.7062111 20.8619456
2460332.2397397 482.0465674 20.9104461
2460332.2437437 481.3893223 20.9589069
2460332.2477477 480.7344632 21.0073281
2460332.2517518 480.0819776 21.0557111
2460332.2557558 479.4318531 21.1040533
2460332.2597598 478.7840771 21.1523562
2460332.2637638 478.1386374 21.2006198
2460332.2677678 477.4955217 21.2488440
2460332.2717718 476.8547179 21.2970290
2460332.2757758 476.2162137 21.3451749
2460332.2797798 475.5799970 21.3932817
2460332.2837838 474.9460558 21.4413495
2460332.2877878 474.3143781 21.4893782
2460332.2917918 473.6849521 21.5373681
2460332.2957958 473.0577659 21.5853191
2460332.2997998 472.4328077 21.6332314
2460332.3038038 471.8100658 21.6811049
2460332.3078078 471.1895286 21.7289397
2460332.3118118 470.5711844 21.7767360
2460332.3158158 469.9550217 21.8244937
2460332.3198198 469.3410291 21.8722130
2460332.3238238 468.7291952 21.9198938
2460332.3278278 468.1195085 21.9675363
2460332.3318318 467.5119580 22.0151406
2460332.3358358 466.9065322 22.0627066
2460332.3398398 466.3032202 22.1102345
2460332.3438438 465.7020107 22.1577243
2460332.3478478 465.1028928 22.2051760
2460332.3518519 464.5058556 22.2525911
2460332.3558559 463.9108880 22.2999670
2460332.3598599 463.3179792 22.3473051
2460332.3638639 462.7271186 22.3946055
2460332.3678679 462.1382953 22.4418682
2460332.3718719 461.5514987 22.4890932
2460332.3758759 460.9667183 22.5362807
2460332.3798799 460.3839435 22.5834308
2460332.3838839 459.8031638 22.6305433
2460332.3878879 459.2243688 22.6776186
2460332.3918919 458.6475482 22.7246565
2460332.3958959 458.0726916 22.7716572
2460332.3998999 457.4997890 22.8186208
2460332.4039039 456.9288300 22.8655473
2460332.4079079 456.3598047 22.9124367
2460332.4119119 455.7927028 22.9592892
2460332.4159159 455.2275146 23.0061048
2460332.4199199 454.6642300 23.0528836
2460332.4239239 454.1028390 23.0996256
2460332.4279279 453.5433322 23.1463309
2460332.4319319 452.9856995 23.1929997
2460332.4359359 452.4299313 23.2396318
2460332.4399399 451.8760180 23.2862275
2460332.4439439 451.3239500 23.3327867
2460332.4479479 450.7737179 23.3793096
2460332.4519520 450.2253120 23.4257974
2460332.4559560 449.6787231 23.4722478
2460332.4599600 449.1339418 23.5186620
2460332.4639640 448.5909587 23.5650402
2460332.4679680 448.0497648 23.6113823
2460332.4719720 447.5103507 23.6576885
2460332.4759760 446.9727074 23.7039588
2460332.4799800 446.4368259 23.7501932
2460332.4839840 445.9026970 23.7963920
2460332.4879880 445.3703118 23.8425550
2460332.4919920 444.8396615 23.8886825
2460332.4959960 444.3107372 23.9347744
2460332.5000000 443.7835301 23.9808308
