2460328.5000000 -232.5216342
2460328.5040040 -232.5840933
2460328.5080080 -232.6465299
2460328.5120120 -232.7089433
2460328.5160160 -232.7713330
2460328.5200200 -232.8336984
2460328.5240240 -232.8960388
2460328.5280280 -232.9583538
2460328.5320320 -233.0206426
2460328.5360360 -233.0829047
2460328.5400400 -233.1451394
2460328.5440440 -233.2073461
2460328.5480480 -233.2695242
2460328.5520521 -233.3316730
2460328.5560561 -233.3937917
2460328.5600601 -233.4558801
2460328.5640641 -233.5179372
2460328.5680681 -233.5799623
2460328.5720721 -233.6419549
2460328.5760761 -233.7039143
2460328.5800801 -233.7658396
2460328.5840841 -233.8277305
2460328.5880881 -233.8895858
2460328.5920921 -233.9514053
2460328.5960961 -234.0131880
2460328.6001001 -234.0749332
2460328.6041041 -234.1366402
2460328.6081081 -234.1983083
2460328.6121121 -234.2599367
2460328.6161161 -234.3215247
2460328.6201201 -234.3830715
2460328.6241241 -234.4445764
2460328.6281281 -234.5060386
2460328.6321321 -234.5674574
2460328.6361361 -234.6288318
2460328.6401401 -234.6901611
2460328.6441441 -234.7514447
2460328.6481481 -234.8126815
2460328.6521522 -234.8738709
2460328.6561562 -234.9350119
2460328.6601602 -234.9961038
2460328.6641642 -235.0571458
2460328.6681682 -235.1181368
2460328.6721722 -235.1790761
2460328.6761762 -235.2399630
2460328.6801802 -235.3007963
2460328.6841842 -235.3615754
2460328.6881882 -235.4222992
2460328.6921922 -235.4829669
2460328.6961962 -235.5435777
2460328.7002002 -235.6041303
2460328.7042042 -235.6646242
2460328.7082082 -235.7250583
2460328.7122122 -235.7854316
2460328.7162162 -235.8457432
2460328.7202202 -235.9059921
2460328.7242242 -235.9661773
2460328.7282282 -236.0262980
2460328.7322322 -236.0863530
2460328.7362362 -236.1463413
2460328.7402402 -236.2062620
2460328.7442442 -236.2661140
2460328.7482482 -236.3258963
2460328.7522523 -236.3856079
2460328.7562563 -236.4452476
2460328.7602603 -236.5048144
2460328.7642643 -236.5643073
2460328.7682683 -236.6237251
2460328.7722723 -236.6830669
2460328.7762763 -236.7423314
2460328.7802803 -236.8015174
2460328.7842843 -236.8606240
2460328.7882883 -236.9196498
2460328.7922923 -236.9785940
2460328.7962963 -237.0374552
2460328.8003003 -237.0962321
2460328.8043043 -237.1549238
2460328.8083083 -237.2135290
2460328.8123123 -237.2720463
2460328.8163163 -237.3304746
2460328.8203203 -237.3888129
2460328.8243243 -237.4470595
2460328.8283283 -237.5052135
2460328.8323323 -237.5632735
2460328.8363363 -237.6212381
2460328.8403403 -237.6791062
2460328.8443443 -237.7368762
2460328.8483483 -237.7945471
2460328.8523524 -237.8521174
2460328.8563564 -237.9095857
2460328.8603604 -237.9669508
2460328.8643644 -238.0242111
2460328.8683684 -238.0813653
2460328.8723724 -238.1384120
2460328.8763764 -238.1953497
2460328.8803804 -238.2521770
2460328.8843844 -238.3088925
2460328.8883884 -238.3654948
2460328.8923924 -238.4219822
2460328.8963964 -238.4783533
2460328.9004004 -238.5346066
2460328.9044044 -238.5907405
2460328.9084084 -238.6467536
2460328.9124124 -238.7026441
2460328.9164164 -238.7584107
2460328.9204204 -238.8140516
2460328.9244244 -238.8695652
2460328.9284284 -238.9249499
2460328.9324324 -238.9802042
2460328.9364364 -239.0353261
2460328.9404404 -239.0903143
2460328.9444444 -239.1451668
2460328.9484484 -239.1998821
2460328.9524525 -239.2544584
2460328.9564565 -239.3088939
2460328.9604605 -239.3631867
2460328.9644645 -239.4173354
2460328.9684685 -239.4713377
2460328.9724725 -239.5251921
2460328.9764765 -239.5788968
2460328.9804805 -239.6324497
2460328.9844845 -239.6858491
2460328.9884885 -239.7390930
2460328.9924925 -239.7921794
2460328.9964965 -239.8451066
2460329.0005005 -239.8978724
2460329.0045045 -239.9504749
2460329.0085085 -240.0029121
2460329.0125125 -240.0551820
2460329.0165165 -240.1072825
2460329.0205205 -240.1592116
2460329.0245245 -240.2109670
2460329.0285285 -240.2625468
2460329.0325325 -240.3139489
2460329.0365365 -240.3651709
2460329.0405405 -240.4162109
2460329.0445445 -240.4670664
2460329.0485485 -240.5177353
2460329.0525526 -240.5682155
2460329.0565566 -240.6185046
2460329.0605606 -240.6686001
2460329.0645646 -240.7185000
2460329.0685686 -240.7682018
2460329.0725726 -240.8177030
2460329.0765766 -240.8670014
2460329.0805806 -240.9160944
2460329.0845846 -240.9649797
2460329.0885886 -241.0136547
2460329.0925926 -241.0621170
2460329.0965966 -241.1103641
2460329.1006006 -241.1583931
2460329.1046046 -241.2062018
2460329.1086086 -241.2537874
2460329.1126126 -241.3011472
2460329.1166166 -241.3482787
2460329.1206206 -241.3951791
2460329.1246246 -241.4418456
2460329.1286286 -241.4882755
2460329.1326326 -241.5344661
2460329.1366366 -241.5804143
2460329.1406406 -241.6261175
2460329.1446446 -241.6715727
2460329.1486486 -241.7167770
2460329.1526527 -241.7617276
2460329.1566567 -241.8064211
2460329.1606607 -241.8508549
2460329.1646647 -241.8950258
2460329.1686687 -241.9389306
2460329.1726727 -241.9825664
2460329.1766767 -242.0259299
2460329.1806807 -242.0690180
2460329.1846847 -242.1118273
2460329.1886887 -242.1543546
2460329.1926927 -242.1965968
2460329.1966967 -242.2385504
2460329.2007007 -242.2802120
2460329.2047047 -242.3215782
2460329.2087087 -242.3626458
2460329.2127127 -242.4034109
2460329.2167167 -242.4438702
2460329.2207207 -242.4840202
2460329.2247247 -242.5238572
2460329.2287287 -242.5633775
2460329.2327327 -242.6025775
2460329.2367367 -242.6414534
2460329.2407407 -242.6800015
2460329.2447447 -242.7182180
2460329.2487487 -242.7560990
2460329.2527528 -242.7936406
2460329.2567568 -242.8308387
2460329.2607608 -242.8676896
2460329.2647648 -242.9041890
2460329.2687688 -242.9403330
2460329.2727728 -242.9761175
2460329.2767768 -243.0115382
2460329.2807808 -243.0465907
2460329.2847848 -243.0812711
2460329.2887888 -243.1155748
2460329.2927928 -243.1494976
2460329.2967968 -243.1830350
2460329.3008008 -243.2161825
2460329.3048048 -243.2489355
2460329.3088088 -243.2812897
2460329.3128128 -243.3132400
2460329.3168168 -243.3447822
2460329.3208208 -243.3759113
2460329.3248248 -243.4066224
2460329.3288288 -243.4369110
2460329.3328328 -243.4667719
2460329.3368368 -243.4962002
2460329.3408408 -243.5251907
2460329.3448448 -243.5537387
2460329.3488488 -243.5818387
2460329.3528529 -243.6094857
2460329.3568569 -243.6366743
2460329.3608609 -243.6633993
2460329.3648649 -243.6896553
2460329.3688689 -243.7154365
2460329.3728729 -243.7407378
2460329.3768769 -243.7655534
2460329.3808809 -243.7898776
2460329.3848849 -243.8137049
2460329.3888889 -243.8370294
2460329.3928929 -243.8598450
2460329.3968969 -243.8821460
2460329.4009009 -243.9039263
2460329.4049049 -243.9251799
2460329.4089089 -243.9459007
2460329.4129129 -243.9660822
2460329.4169169 -243.9857184
2460329.4209209 -244.0048028
2460329.4249249 -244.0233288
2460329.4289289 -244.0412900
2460329.4329329 -244.0586799
2460329.4369369 -244.0754915
2460329.4409409 -244.0917183
2460329.4449449 -244.1073533
2460329.4489489 -244.1223896
2460329.4529530 -244.1368200
2460329.4569570 -244.1506376
2460329.4609610 -244.1638350
2460329.4649650 -244.1764052
2460329.4689690 -244.1883404
2460329.4729730 -244.1996334
2460329.4769770 -244.2102766
2460329.4809810 -244.2202621
2460329.4849850 -244.2295824
2460329.4889890 -244.2382296
2460329.4929930 -244.2461955
2460329.4969970 -244.2534723
2460329.5010010 -244.2600518
2460329.5050050 -244.2659256
2460329.5090090 -244.2710855
2460329.5130130 -244.2755228
2460329.5170170 -244.2792290
2460329.5210210 -244.2821955
2460329.5250250 -244.2844134
2460329.5290290 -244.2858739
2460329.5330330 -244.2865679
2460329.5370370 -244.2864860
2460329.5410410 -244.2856193
2460329.5450450 -244.2839582
2460329.5490490 -244.2814933
2460329.5530531 -244.2782150
2460329.5570571 -244.2741133
2460329.5610611 -244.2691787
2460329.5650651 -244.2634009
2460329.5690691 -244.2567697
2460329.5730731 -244.2492752
2460329.5770771 -244.2409067
2460329.5810811 -244.2316536
2460329.5850851 -244.2215054
2460329.5890891 -244.2104514
2460329.5930931 -244.1984802
2460329.5970971 -244.1855811
2460329.6011011 -244.1717426
2460329.6051051 -244.1569535
2460329.6091091 -244.1412020
2460329.6131131 -244.1244766
2460329.6171171 -244.1067653
2460329.6211211 -244.0880563
2460329.6251251 -244.0683371
2460329.6291291 -244.0475956
2460329.6331331 -244.0258192
2460329.6371371 -244.0029951
2460329.6411411 -243.9791107
2460329.6451451 -243.9541528
2460329.6491491 -243.9281082
2460329.6531532 -243.9009637
2460329.6571572 -243.8727054
2460329.6611612 -243.8433198
2460329.6651652 -243.8127929
2460329.6691692 -243.7811106
2460329.6731732 -243.7482587
2460329.6771772 -243.7142224
2460329.6811812 -243.6789872
2460329.6851852 -243.6425382
2460329.6891892 -243.6048601
2460329.6931932 -243.5659377
2460329.6971972 -243.5257554
2460329.7012012 -243.4842975
2460329.7052052 -243.4415479
2460329.7092092 -243.3974906
2460329.7132132 -243.3521089
2460329.7172172 -243.3053864
2460329.7212212 -243.2573061
2460329.7252252 -243.2078507
2460329.7292292 -243.1570031
2460329.7332332 -243.1047456
2460329.7372372 -243.0510602
2460329.7412412 -242.9959290
2460329.7452452 -242.9393335
2460329.7492492 -242.8812548
2460329.7532533 -242.8216745
2460329.7572573 -242.7605730
2460329.7612613 -242.6979311
2460329.7652653 -242.6337288
2460329.7692693 -242.5679464
2460329.7732733 -242.5005634
2460329.7772773 -242.4315592
2460329.7812813 -242.3609129
2460329.7852853 -242.2886033
2460329.7892893 -242.2146091
2460329.7932933 -242.1389081
2460329.7972973 -242.0614783
2460329.8013013 -241.9822974
2460329.8053053 -241.9013423
2460329.8093093 -241.8185901
2460329.8133133 -241.7340171
2460329.8173173 -241.6475998
2460329.8213213 -241.5593137
2460329.8253253 -241.4691343
2460329.8293293 -241.3770368
2460329.8333333 -241.2829959
2460329.8373373 -241.1869858
2460329.8413413 -241.0889807
2460329.8453453 -240.9889540
2460329.8493493 -240.8868789
2460329.8533534 -240.7827282
2460329.8573574 -240.6764741
2460329.8613614 -240.5680886
2460329.8653654 -240.4575433
2460329.8693694 -240.3448091
2460329.8733734 -240.2298567
2460329.8773774 -240.1126564
2460329.8813814 -239.9931777
2460329.8853854 -239.8713900
2460329.8893894 -239.7472620
2460329.8933934 -239.6207619
2460329.8973974 -239.4918577
2460329.9014014 -239.3605165
2460329.9054054 -239.2267052
2460329.9094094 -239.0903902
2460329.9134134 -238.9515370
2460329.9174174 -238.8101108
2460329.9214214 -238.6660765
2460329.9254254 -238.5193979
2460329.9294294 -238.3700387
2460329.9334334 -238.2179619
2460329.9374374 -238.0631297
2460329.9414414 -237.9055041
2460329.9454454 -237.7450461
2460329.9494494 -237.5817163
2460329.9534535 -237.4154744
2460329.9574575 -237.2462799
2460329.9614615 -237.0740913
2460329.9654655 -236.8988667
2460329.9694695 -236.7205631
2460329.9734735 -236.5391372
2460329.9774775 -236.3545448
2460329.9814815 -236.1667410
2460329.9854855 -235.9756803
2460329.9894895 -235.7813164
2460329.9934935 -235.5836020
2460329.9974975 -235.3824893
2460330.0015015 -235.1779298
2460330.0055055 -234.9698737
2460330.0095095 -234.7582710
2460330.0135135 -234.5430703
2460330.0175175 -234.3242197
2460330.0215215 -234.1016665
2460330.0255255 -233.8753567
2460330.0295295 -233.6452359
2460330.0335335 -233.4112485
2460330.0375375 -233.1733377
2460330.0415415 -232.9314464
2460330.0455455 -232.6855160
2460330.0495495 -232.4354871
2460330.0535536 -232.1812993
2460330.0575576 -231.9228910
2460330.0615616 -231.6601999
2460330.0655656 -231.3931622
2460330.0695696 -231.1217132
2460330.0735736 -230.8457872
2460330.0775776 -230.5653173
2460330.0815816 -230.2802353
2460330.0855856 -229.9904719
2460330.0895896 -229.6959567
2460330.0935936 -229.3966179
2460330.0975976 -229.0923825
2460330.1016016 -228.7831762
2460330.1056056 -228.4689235
2460330.1096096 -228.1495475
2460330.1136136 -227.8249700
2460330.1176176 -227.4951111
2460330.1216216 -227.1598901
2460330.1256256 -226.8192242
2460330.1296296 -226.4730294
2460330.1336336 -226.1212205
2460330.1376376 -225.7637102
2460330.1416416 -225.4004100
2460330.1456456 -225.0312299
2460330.1496496 -224.6560777
2460330.1536537 -224.2748603
2460330.1576577 -223.8874824
2460330.1616617 -223.4938470
2460330.1656657 -223.0938557
2460330.1696697 -222.6874077
2460330.1736737 -222.2744008
2460330.1776777 -221.8547309
2460330.1816817 -221.4282917
2460330.1856857 -220.9949754
2460330.1896897 -220.5546716
2460330.1936937 -220.1072685
2460330.1976977 -219.6526517
2460330.2017017 -219.1907050
2460330.2057057 -218.7213098
2460330.2097097 -218.2443454
2460330.2137137 -217.7596888
2460330.2177177 -217.2672147
2460330.2217217 -216.7667956
2460330.2257257 -216.2583013
2460330.2297297 -215.7415993
2460330.2337337 -215.2165546
2460330.2377377 -214.6830295
2460330.2417417 -214.1408838
2460330.2457457 -213.5899747
2460330.2497497 -213.0301564
2460330.2537538 -212.4612806
2460330.2577578 -211.8831960
2460330.2617618 -211.2957484
2460330.2657658 -210.6987806
2460330.2697698 -210.0921323
2460330.2737738 -209.4756404
2460330.2777778 -208.8491383
2460330.2817818 -208.2124563
2460330.2857858 -207.5654214
2460330.2897898 -206.9078572
2460330.2937938 -206.2395839
2460330.2977978 -205.5604180
2460330.3018018 -204.8701726
2460330.3058058 -204.1686570
2460330.3098098 -203.4556769
2460330.3138138 -202.7310341
2460330.3178178 -201.9945264
2460330.3218218 -201.2459477
2460330.3258258 -200.4850877
2460330.3298298 -199.7117320
2460330.3338338 -198.9256619
2460330.3378378 -198.1266545
2460330.3418418 -197.3144821
2460330.3458458 -196.4889130
2460330.3498498 -195.6497104
2460330.3538539 -194.7966331
2460330.3578579 -193.9294346
2460330.3618619 -193.0478638
2460330.3658659 -192.1516647
2460330.3698699 -191.2405759
2460330.3738739 -190.3143305
2460330.3778779 -189.3726570
2460330.3818819 -188.4152777
2460330.3858859 -187.4419096
2460330.3898899 -186.4522640
2460330.3938939 -185.4460461
2460330.3978979 -184.4229557
2460330.4019019 -183.3826860
2460330.4059059 -182.3249240
2460330.4099099 -181.2493510
2460330.4139139 -180.1556413
2460330.4179179 -179.0434625
2460330.4219219 -177.9124761
2460330.4259259 -176.7623360
2460330.4299299 -175.5926898
2460330.4339339 -174.4031776
2460330.4379379 -173.1934319
2460330.4419419 -171.9630789
2460330.4459459 -170.7117362
2460330.4499499 -169.4390139
2460330.4539540 -168.1445148
2460330.4579580 -166.8278331
2460330.4619620 -165.4885552
2460330.4659660 -164.1262591
2460330.4699700 -162.7405143
2460330.4739740 -161.3308820
2460330.4779780 -159.8969145
2460330.4819820 -158.4381550
2460330.4859860 -156.9541381
2460330.4899900 -155.4443888
2460330.4939940 -153.9084230
2460330.4979980 -152.3457469
2460330.5020020 -150.7558571
2460330.5060060 -149.1382408
2460330.5100100 -147.4923748
2460330.5140140 -145.8177260
2460330.5180180 -144.1137509
2460330.5220220 -142.3798959
2460330.5260260 -140.6155965
2460330.5300300 -138.8202780
2460330.5340340 -136.9933543
2460330.5380380 -135.1342293
2460330.5420420 -133.2422952
2460330.5460460 -131.3169332
2460330.5500501 -129.3575133
2460330.5540541 -127.3633940
2460330.5580581 -125.3339226
2460330.5620621 -123.2684345
2460330.5660661 -121.1662539
2460330.5700701 -119.0266933
2460330.5740741 -116.8490532
2460330.5780781 -114.6326227
2460330.5820821 -112.3766786
2460330.5860861 -110.0804864
2460330.5900901 -107.7432996
2460330.5940941 -105.3643599
2460330.5980981 -102.9428972
2460330.6021021 -100.4781304
2460330.6061061 -97.9692659
2460330.6101101 -95.4154994
2460330.6141141 -92.8160147
2460330.6181181 -90.1699849
2460330.6221221 -87.4765719
2460330.6261261 -84.7349268
2460330.6301301 -81.9441903
2460330.6341341 -79.1034935
2460330.6381381 -76.2119569
2460330.6421421 -73.2686918
2460330.6461461 -70.2728006
2460330.6501502 -67.2233770
2460330.6541542 -64.1195068
2460330.6581582 -60.9602681
2460330.6621622 -57.7447321
2460330.6661662 -54.4719647
2460330.6701702 -51.1410255
2460330.6741742 -47.7509698
2460330.6781782 -44.3008491
2460330.6821822 -40.7897123
2460330.6861862 -37.2166066
2460330.6901902 -33.5805785
2460330.6941942 -29.8806747
2460330.6981982 -26.1159451
2460330.7022022 -22.2854417
2460330.7062062 -18.3882215
2460330.7102102 -14.4233479
2460330.7142142 -10.3898923
2460330.7182182 -6.2869357
2460330.7222222 -2.1135711
2460330.7262262 2.1310956
2460330.7302302 6.4479411
2460330.7342342 10.8378256
2460330.7382382 15.3015881
2460330.7422422 19.8400451
2460330.7462462 24.4539872
2460330.7502503 29.1441768
2460330.7542543 33.9113451
2460330.7582583 38.7561897
2460330.7622623 43.6793689
2460330.7662663 48.6815021
2460330.7702703 53.7631640
2460330.7742743 58.9248816
2460330.7782783 64.1671304
2460330.7822823 69.4903308
2460330.7862863 74.8948440
2460330.7902903 80.3809685
2460330.7942943 85.9489335
2460330.7982983 91.5988987
2460330.8023023 97.3309467
2460330.8063063 103.1450798
2460330.8103103 109.0412153
2460330.8143143 115.0191810
2460330.8183183 121.0787102
2460330.8223223 127.2194383
2460330.8263263 133.4408949
2460330.8303303 139.7425038
2460330.8343343 146.1235753
2460330.8383383 152.5833022
2460330.8423423 159.1207562
2460330.8463463 165.7348827
2460330.8503504 172.4244967
2460330.8543544 179.1882803
2460330.8583584 186.0247753
2460330.8623624 192.9323841
2460330.8663664 199.9093639
2460330.8703704 206.9538244
2460330.8743744 214.0637250
2460330.8783784 221.2368727
2460330.8823824 228.4709205
2460330.8863864 235.7633669
2460330.8903904 243.1115518
2460330.8943944 250.5126610
2460330.8983984 257.9637238
2460330.9024024 265.4616144
2460330.9064064 273.0030529
2460330.9104104 280.5846091
2460330.9144144 288.2027038
2460330.9184184 295.8536143
2460330.9224224 303.5334750
2460330.9264264 311.2382875
2460330.9304304 318.9639237
2460330.9344344 326.7061323
2460330.9384384 334.4605466
2460330.9424424 342.2226928
2460330.9464464 349.9879982
2460330.9504505 357.7518019
2460330.9544545 365.5093614
2460330.9584585 373.2558680
2460330.9624625 380.9864554
2460330.9664665 388.6962116
2460330.9704705 396.3801917
2460330.9744745 404.0334300
2460330.9784785 411.6509538
2460330.9824825 419.2277962
2460330.9864865 426.7590073
2460330.9904905 434.2396724
2460330.9944945 441.6649218
2460330.9984985 449.0299456
2460331.0025025 456.3300069
2460331.0065065 463.5604544
2460331.0105105 470.7167365
2460331.0145145 477.7944128
2460331.0185185 484.7891641
2460331.0225225 491.6968080
2460331.0265265 498.5133069
2460331.0305305 505.2347784
2460331.0345345 511.8575052
2460331.0385385 518.3779433
2460331.0425425 524.7927301
2460331.0465465 531.0986919
2460331.0505506 537.2928470
2460331.0545546 543.3724154
2460331.0585586 549.3348198
2460331.0625626 555.1776898
2460331.0665666 560.8988644
2460331.0705706 566.4963932
2460331.0745746 571.9685369
2460331.0785786 577.3137680
2460331.0825826 582.5307667
2460331.0865866 587.6184233
2460331.0905906 592.5758321
2460331.0945946 597.4022893
2460331.0985986 602.0972887
2460331.1026026 606.6605168
2460331.1066066 611.0918475
2460331.1106106 615.3913371
2460331.1146146 619.5592156
2460331.1186186 623.5958832
2460331.1226226 627.5019014
2460331.1266266 631.2779860
2460331.1306306 634.9249996
2460331.1346346 638.4439438
2460331.1386386 641.8359515
2460331.1426426 645.1022791
2460331.1466466 648.2442973
2460331.1506507 651.2634850
2460331.1546547 654.1614202
2460331.1586587 656.9397723
2460331.1626627 659.6002945
2460331.1666667 662.1448159
2460331.1706707 664.5752346
2460331.1746747 666.8935100
2460331.1786787 669.1016555
2460331.1826827 671.2017329
2460331.1866867 673.1958446
2460331.1906907 675.0861282
2460331.1946947 676.8747499
2460331.1986987 678.5638991
2460331.2027027 680.1557830
2460331.2067067 681.6526214
2460331.2107107 683.0566414
2460331.2147147 684.3700737
2460331.2187187 685.5951476
2460331.2227227 686.7340872
2460331.2267267 687.7891080
2460331.2307307 688.7624128
2460331.2347347 689.6561891
2460331.2387387 690.4726057
2460331.2427427 691.2138104
2460331.2467467 691.8819271
2460331.2507508 692.4790542
2460331.2547548 693.0072619
2460331.2587588 693.4685908
2460331.2627628 693.8650503
2460331.2667668 694.1986170
2460331.2707708 694.4712334
2460331.2747748 694.6848074
2460331.2787788 694.8412105
2460331.2827828 694.9422778
2460331.2867868 694.9898069
2460331.2907908 694.9855578
2460331.2947948 694.9312521
2460331.2987988 694.8285731
2460331.3028028 694.6791653
2460331.3068068 694.4846348
2460331.3108108 694.2465487
2460331.3148148 693.9664359
2460331.3188188 693.6457866
2460331.3228228 693.2860533
2460331.3268268 692.8886502
2460331.3308308 692.4549545
2460331.3348348 691.9863060
2460331.3388388 691.4840083
2460331.3428428 690.9493285
2460331.3468468 690.3834985
2460331.3508509 689.7877149
2460331.3548549 689.1631403
2460331.3588589 688.5109030
2460331.3628629 687.8320986
2460331.3668669 687.1277898
2460331.3708709 686.3990078
2460331.3748749 685.6467524
2460331.3788789 684.8719928
2460331.3828829 684.0756687
2460331.3868869 683.2586902
2460331.3908909 682.4219394
2460331.3948949 681.5662703
2460331.3988989 680.6925098
2460331.4029029 679.8014588
2460331.4069069 678.8938920
2460331.4109109 677.9705592
2460331.4149149 677.0321860
2460331.4189189 676.0794740
2460331.4229229 675.1131018
2460331.4269269 674.1337255
2460331.4309309 673.1419794
2460331.4349349 672.1384769
2460331.4389389 671.1238103
2460331.4429429 670.0985523
2460331.4469469 669.0632559
2460331.4509510 668.0184554
2460331.4549550 666.9646669
2460331.4589590 665.9023885
2460331.4629630 664.8321013
2460331.4669670 663.7542699
2460331.4709710 662.6693424
2460331.4749750 661.5777515
2460331.4789790 660.4799144
2460331.4829830 659.3762339
2460331.4869870 658.2670985
2460331.4909910 657.1528829
2460331.4949950 656.0339481
2460331.4989990 654.9106429
2460331.5030030 653.7833031
2460331.5070070 652.6522524
2460331.5110110 651.5178027
2460331.5150150 650.3802550
2460331.5190190 649.2398988
2460331.5230230 648.0970133
2460331.5270270 646.9518672
2460331.5310310 645.8047197
2460331.5350350 644.6558200
2460331.5390390 643.5054082
2460331.5430430 642.3537153
2460331.5470470 641.2009636
2460331.5510511 640.0473673
2460331.5550551 638.8931321
2460331.5590591 637.7384560
2460331.5630631 636.5835298
2460331.5670671 635.4285363
2460331.5710711 634.2736518
2460331.5750751 633.1190455
2460331.5790791 631.9648799
2460331.5830831 630.8113113
2460331.5870871 629.6584899
2460331.5910911 628.5065596
2460331.5950951 627.3556590
2460331.5990991 626.2059209
2460331.6031031 625.0574727
2460331.6071071 623.9104366
2460331.6111111 622.7649300
2460331.6151151 621.6210652
2460331.6191191 620.4789501
2460331.6231231 619.3386876
2460331.6271271 618.2003770
2460331.6311311 617.0641129
2460331.6351351 615.9299858
2460331.6391391 614.7980825
2460331.6431431 613.6684859
2460331.6471471 612.5412752
2460331.6511512 611.4165263
2460331.6551552 610.2943114
2460331.6591592 609.1746998
2460331.6631632 608.0577571
2460331.6671672 606.9435464
2460331.6711712 605.8321275
2460331.6751752 604.7235573
2460331.6791792 603.6178902
2460331.6831832 602.5151779
2460331.6871872 601.4154692
2460331.6911912 600.3188110
2460331.6951952 599.2252475
2460331.6991992 598.1348204
2460331.7032032 597.0475697
2460331.7072072 595.9635327
2460331.7112112 594.8827451
2460331.7152152 593.8052403
2460331.7192192 592.7310497
2460331.7232232 591.6602035
2460331.7272272 590.5927294
2460331.7312312 589.5286537
2460331.7352352 588.4680009
2460331.7392392 587.4107940
2460331.7432432 586.3570545
2460331.7472472 585.3068023
2460331.7512513 584.2600559
2460331.7552553 583.2168326
2460331.7592593 582.1771481
2460331.7632633 581.1410169
2460331.7672673 580.1084524
2460331.7712713 579.0794666
2460331.7752753 578.0540705
2460331.7792793 577.0322741
2460331.7832833 576.0140859
2460331.7872873 574.9995139
2460331.7912913 573.9885649
2460331.7952953 572.9812447
2460331.7992993 571.9775582
2460331.8033033 570.9775096
2460331.8073073 569.9811019
2460331.8113113 568.9883376
2460331.8153153 567.9992181
2460331.8193193 567.0137447
2460331.8233233 566.0319173
2460331.8273273 565.0537354
2460331.8313313 564.0791978
2460331.8353353 563.1083025
2460331.8393393 562.1410471
2460331.8433433 561.1774286
2460331.8473473 560.2174432
2460331.8513514 559.2610870
2460331.8553554 558.3083550
2460331.8593594 557.3592422
2460331.8633634 556.4137428
2460331.8673674 555.4718507
2460331.8713714 554.5335593
2460331.8753754 553.5988616
2460331.8793794 552.6677499
2460331.8833834 551.7402168
2460331.8873874 550.8162540
2460331.8913914 549.8958529
2460331.8953954 548.9790045
2460331.8993994 548.0656997
2460331.9034034 547.1559291
2460331.9074074 546.2496826
2460331.9114114 545.3469502
2460331.9154154 544.4477217
2460331.9194194 543.5519863
2460331.9234234 542.6597332
2460331.9274274 541.7709512
2460331.9314314 540.8856289
2460331.9354354 540.0037550
2460331.9394394 539.1253175
2460331.9434434 538.2503044
2460331.9474474 537.3787039
2460331.9514515 536.5105035
2460331.9554555 535.6456907
2460331.9594595 534.7842529
2460331.9634635 533.9261775
2460331.9674675 533.0714514
2460331.9714715 532.2200616
2460331.9754755 531.3719949
2460331.9794795 530.5272383
2460331.9834835 529.6857782
2460331.9874875 528.8476011
2460331.9914915 528.0126936
2460331.9954955 527.1810420
2460331.9994995 526.3526324
2460332.0035035 525.5274512
2460332.0075075 524.7054843
2460332.0115115 523.8867180
2460332.0155155 523.0711382
2460332.0195195 522.2587308
2460332.0235235 521.4494818
2460332.0275275 520.6433770
2460332.0315315 519.8404021
2460332.0355355 519.0405430
2460332.0395395 518.2437854
2460332.0435435 517.4501152
2460332.0475475 516.6595179
2460332.0515516 515.8719792
2460332.0555556 515.0874849
2460332.0595596 514.3060206
2460332.0635636 513.5275719
2460332.0675676 512.7521244
2460332.0715716 511.9796639
2460332.0755756 511.2101760
2460332.0795796 510.4436463
2460332.0835836 509.6800605
2460332.0875876 508.9194044
2460332.0915916 508.1616634
2460332.0955956 507.4068235
2460332.0995996 506.6548702
2460332.1036036 505.9057892
2460332.1076076 505.1595666
2460332.1116116 504.4161879
2460332.1156156 503.6756390
2460332.1196196 502.9379058
2460332.1236236 502.2029740
2460332.1276276 501.4708297
2460332.1316316 500.7414587
2460332.1356356 500.0148470
2460332.1396396 499.2909807
2460332.1436436 498.5698458
2460332.1476476 497.8514284
2460332.1516517 497.1357146
2460332.1556557 496.4226907
2460332.1596597 495.7123427
2460332.1636637 495.0046571
2460332.1676677 494.2996200
2460332.1716717 493.5972179
2460332.1756757 492.8974373
2460332.1796797 492.2002644
2460332.1836837 491.5056860
2460332.1876877 490.8136884
2460332.1916917 490.1242584
2460332.1956957 489.4373825
2460332.1996997 488.7530475
2460332.2037037 488.0712403
2460332.2077077 487.3919476
2460332.2117117 486.7151563
2460332.2157157 486.0408534
2460332.2197197 485.3690258
2460332.2237237 484.6996607
2460332.2277277 484.0327451
2460332.2317317 483.3682661
2460332.2357357 482.7062111
2460332.2397397 482.0465674
2460332.2437437 481.3893223
2460332.2477477 480.7344632
2460332.2517518 480.0819776
2460332.2557558 479.4318531
2460332.2597598 478.7840771
2460332.2637638 478.1386374
2460332.2677678 477.4955217
2460332.2717718 476.8547179
2460332.2757758 476.2162137
2460332.2797798 475.5799970
2460332.2837838 474.9460558
2460332.2877878 474.3143781
2460332.2917918 473.6849521
2460332.2957958 473.0577659
2460332.2997998 472.4328077
2460332.3038038 471.8100658
2460332.3078078 471.1895286
2460332.3118118 470.5711844
2460332.3158158 469.9550217
2460332.3198198 469.3410291
2460332.3238238 468.7291952
2460332.3278278 468.1195085
2460332.3318318 467.5119580
2460332.3358358 466.9065322
2460332.3398398 466.3032202
2460332.3438438 465.7020107
2460332.3478478 465.1028928
2460332.3518519 464.5058556
2460332.3558559 463.9108880
2460332.3598599 463.3179792
2460332.3638639 462.7271186
2460332.3678679 462.1382953
2460332.3718719 461.5514987
2460332.3758759 460.9667183
2460332.3798799 460.3839435
2460332.3838839 459.8031638
2460332.3878879 459.2243688
2460332.3918919 458.6475482
2460332.3958959 458.0726916
2460332.3998999 457.4997890
2460332.4039039 456.9288300
2460332.4079079 456.3598047
2460332.4119119 455.7927028
2460332.4159159 455.2275146
2460332.4199199 454.6642300
2460332.4239239 454.1028390
2460332.4279279 453.5433322
2460332.4319319 452.9856995
2460332.4359359 452.4299313
2460332.4399399 451.8760180
2460332.4439439 451.3239500
2460332.4479479 450.7737179
2460332.4519520 450.2253120
2460332.4559560 449.6787231
2460332.4599600 449.1339418
2460332.4639640 448.5909587
2460332.4679680 448.0497648
2460332.4719720 447.5103507
2460332.4759760 446.9727074
2460332.4799800 446.4368259
2460332.4839840 445.9026970
2460332.4879880 445.3703118
2460332.4919920 444.8396615
2460332.4959960 444.3107372
2460332.5000000 443.7835301
